CACHE type 5 produced by analog 6.0/Unix. Do not modify or delete!
T	0	0	463	3	100	9	112526925
D	26308020	26338672
18269	132	1	0	4431
18269	189	11	0	2139730
18270	108	27	0	7317354
18270	110	13	0	3702755
18270	111	51	0	14430067
18270	112	8	0	2403926
18270	113	25	0	5945045
18271	10	30	0	7220292
18271	11	38	0	10810778
18271	12	21	0	6150689
18271	14	5	0	1201168
18271	20	14	0	3575579
18271	21	9	0	2514070
18271	23	13	0	3647644
18271	24	17	0	4823745
18271	25	4	0	1215802
18271	26	4	0	1203022
18271	33	5	0	1186756
18271	126	1	0	4431
18271	127	1	0	4431
18271	190	4	0	12864
18275	206	15	0	3667535
18275	207	4	0	1252468
18275	274	29	0	7230991
18275	276	5	0	1186756
18276	118	5	0	4431
18276	174	15	0	1349773
18276	254	14	0	3552270
18276	255	27	0	7256640
18276	256	12	0	3603654
18276	266	4	0	1186756
18277	196	1	0	4431
18284	81	1	0	4431
18290	128	7	0	1220690
18290	197	8	0	1232633
18290	198	10	3	254456
18290	214	4	0	4431
1	95	0	0	0	26338672	0	0	26308308	0	0	22323248	/css/app.css?id=32f3edd5b3e87a76685e
1	4	0	0	0	26309359	0	0	26309357	0	0	89926	/users/25/edit
1	0	0	0	1	0	0	26310300	0	0	26310300	0	/roles
1	1	0	0	0	26318312	0	0	26318312	0	0	6482	/profile/byron
1	0	0	2	0	0	26327309	0	0	26319571	0	0	/?186.178.3.230
1	3	0	0	0	26317032	0	0	26310300	0	0	142960	/vertical-signals
1	0	0	4	0	0	26338240	0	0	26329369	0	0	/?45.235.142.4
1	0	0	0	1	0	0	26310298	0	0	26310298	0	/routes
1	1	0	0	0	26310300	0	0	26310300	0	0	57334	/intersections
1	1	0	0	0	26338593	0	0	26338593	0	0	6265	/storage/inventory/signals/D1 - 2.png
1	0	0	1	0	0	26309358	0	0	26309358	0	0	/users/25
1	1	0	0	0	26318313	0	0	26318313	0	0	13328	/ito-templates
1	96	0	0	0	26338672	0	0	26308306	0	0	85861320	/js/app.js?id=73ed3ad11a185a445032
1	0	0	30	0	0	26338672	0	0	26307963	0	0	/
1	0	0	4	0	0	26318033	0	0	26309341	0	0	/?181.188.200.190
1	3	0	0	1	26318313	0	26310292	26310290	0	26310292	39700	/itorders
1	2	0	0	0	26310370	0	0	26310345	0	0	65030	/alerts
1	1	0	0	0	26338593	0	0	26338593	0	0	23178	/signals-inventory/319
1	1	0	0	0	26310298	0	0	26310298	0	0	39123	/motives
1	96	0	0	0	26338588	0	0	26308308	0	0	0	/favicon.ico
1	0	0	0	1	0	0	26310299	0	0	26310299	0	/activity
1	0	0	0	1	0	0	26310299	0	0	26310299	0	/active-users
1	0	0	2	0	0	26338588	0	0	26338588	0	0	/register
1	1	0	0	0	26310345	0	0	26310345	0	0	153946	/reports/4/create
1	2	0	0	0	26338593	0	0	26310300	0	0	107544	/signals-inventory
1	1	0	0	0	26318720	0	0	26318720	0	0	57401	/storage/reports/Y6YOREwBYe7FjQ0M.jpg
1	0	0	11	0	0	26318772	0	0	26309365	0	0	/logout
1	1	1	0	0	26338594	0	0	26338594	0	0	66253	/storage/inventory/signals/
1	1	1	0	0	26338594	0	0	26338594	0	0	1159	/storage/inventory/
1	0	0	0	1	0	0	26338588	0	0	26338588	0	/registrer
1	8	0	0	0	26318721	0	0	26310343	0	0	266276	/reports
1	4	0	0	0	26309359	0	0	26309344	0	0	141559	/users?page=3
1	9	0	0	0	26338588	0	0	26310292	0	0	333135	/images/error.jpg
1	3	0	0	0	26309354	0	0	26309343	0	0	167964	/users?page=2
1	1	0	0	0	26318716	0	0	26318716	0	0	19866	/reports/5
1	2	0	0	0	26317035	0	0	26310357	0	0	173168	/vertical-signals/create
1	1	0	0	0	26318718	0	0	26318718	0	0	18404	/reports/4
1	1	0	0	0	26318719	0	0	26318719	0	0	18505	/reports/3
1	18	0	28	0	26338593	26338672	0	26309342	26308023	0	214007	/home
1	1	0	0	0	26318720	0	0	26318720	0	0	20861	/reports/2
1	4	0	0	1	26317372	0	26310299	26309350	0	26310299	65004	/users/create
1	0	0	0	1	0	0	26310299	0	0	26310299	0	/logs
1	1	0	0	0	26310298	0	0	26310298	0	0	37468	/metric-units
1	2	0	0	0	26338241	0	0	26309359	0	0	67868	/cpanel
1	39	0	0	0	26338672	0	0	26308306	0	0	591876	/images/atm.png
1	9	0	0	0	26338593	0	0	26309343	0	0	694440	/fonts/vendor/font-awesome/fontawesome-webfont.woff2?af7ae505a9eed503f8b8e6982036873e
1	1	1	0	0	26338594	0	0	26338594	0	0	1667	/storage/
1	2	0	0	0	26310364	0	0	26310362	0	0	79838	/workorders
1	7	0	2	1	26317374	26309362	26310300	26309343	26309356	26310300	390334	/users
1	37	0	16	0	26338672	26338593	0	26308023	26309342	0	165593	/login
1	1	0	0	0	26310345	0	0	26310345	0	0	464	/images/icons/signal.png
1	1	0	0	0	26310874	0	0	26310874	0	0	4431	/login?181.188.200.190
3	4	0	0	0	26310357	0	0	26310345	0	0	1208884	https://atmdev.eqadoor.com/reports/4/create
3	3	0	0	0	26310298	0	0	26310298	0	0	1203352	https://atmdev.eqadoor.com/motives
3	12	0	0	0	26309359	0	0	26309344	0	0	4786343	https://atmdev.eqadoor.com/users?page=3
3	8	0	0	0	26309354	0	0	26309343	0	0	3546835	https://atmdev.eqadoor.com/users?page=2
3	3	0	0	1	26310299	0	26310299	26310299	0	26310299	1202899	https://atmdev.eqadoor.com/routes
3	25	0	6	1	26317384	26317384	26310300	26309343	26309365	26310300	9609803	https://atmdev.eqadoor.com/users
3	93	0	16	0	26338672	26338593	0	26308306	26309342	0	27104544	https://atmdev.eqadoor.com/login
3	57	0	12	0	26338593	26310343	0	26309342	26309366	0	15722601	https://atmdev.eqadoor.com/home
3	4	0	0	0	26310300	0	0	26310300	0	0	1257756	https://atmdev.eqadoor.com/roles
3	3	0	0	1	26310299	0	26310299	26310299	0	26310299	1202899	https://atmdev.eqadoor.com/logs
3	16	0	2	1	26317374	26309362	26310300	26309350	26309356	26310300	6145361	https://atmdev.eqadoor.com/users/create
3	11	0	1	0	26309360	26309358	0	26309358	26309358	0	4758598	https://atmdev.eqadoor.com/users/25/edit
3	2	0	0	1	26310298	0	26310298	26310298	0	26310298	1165884	https://atmdev.eqadoor.com/metric-units
3	6	0	3	0	26310409	26310409	0	26310345	26310409	0	2490145	https://atmdev.eqadoor.com/alerts
3	1	0	0	0	26318313	0	0	26318313	0	0	10060	https://atmdev.eqadoor.com/profile/byron
3	24	0	3	0	26318772	26318772	0	26310343	26318772	0	9514088	https://atmdev.eqadoor.com/reports
3	1	1	0	0	26338594	0	0	26338594	0	0	1159	https://atmdev.eqadoor.com/storage/
3	5	0	3	0	26317035	26310359	0	26310357	26310359	0	2336199	https://atmdev.eqadoor.com/vertical-signals/create
3	3	0	0	0	26310312	0	0	26310300	0	0	1184727	https://atmdev.eqadoor.com/intersections
3	1	0	0	0	26318313	0	0	26318313	0	0	13230	https://atmdev.eqadoor.com/ito-templates
3	1	1	0	0	26338594	0	0	26338594	0	0	66253	https://atmdev.eqadoor.com/storage/inventory/
3	1	0	0	0	26338593	0	0	26338593	0	0	6265	https://atmdev.eqadoor.com/signals-inventory/319
3	9	0	0	0	26317035	0	0	26310300	0	0	3728154	https://atmdev.eqadoor.com/vertical-signals
3	9	0	0	0	26338593	0	0	26309343	0	0	694440	https://atmdev.eqadoor.com/css/app.css?id=32f3edd5b3e87a76685e
3	1	0	4	0	26318310	26318310	0	26318310	26318310	0	4431	https://atmdev.eqadoor.com/
3	8	0	6	0	26318314	26318313	0	26310290	26310291	0	2390973	https://atmdev.eqadoor.com/itorders
3	4	0	0	0	26338593	0	0	26310300	0	0	1246950	https://atmdev.eqadoor.com/signals-inventory
3	1	0	0	0	26338588	0	0	26338588	0	0	37015	https://atmdev.eqadoor.com/registrer
3	3	0	0	1	26310299	0	26310299	26310299	0	26310299	1202899	https://atmdev.eqadoor.com/activity
3	3	0	0	1	26310299	0	26310299	26310299	0	26310299	1202899	https://atmdev.eqadoor.com/active-users
3	3	0	0	0	26318717	0	0	26318716	0	0	1193624	https://atmdev.eqadoor.com/reports/5
3	3	0	5	0	26338240	26338240	0	26309341	26309341	0	15827	http://localhost/internet/tasas/
3	6	0	0	0	26310366	0	0	26310362	0	0	2431604	https://atmdev.eqadoor.com/workorders
3	3	0	0	0	26318719	0	0	26318718	0	0	1193624	https://atmdev.eqadoor.com/reports/4
3	3	0	0	0	26318719	0	0	26318719	0	0	1193624	https://atmdev.eqadoor.com/reports/3
3	4	0	0	0	26318721	0	0	26318720	0	0	1251025	https://atmdev.eqadoor.com/reports/2
4	0	0	1	0	0	26333195	0	0	26333195	0	0	Mozilla/5.0 (Linux; Android 9; SM-A205G Build/PPR1.180610.011; wv) AppleWebKit/537.36 (KHTML, like Gecko) Version/4.0 Chrome/79.0.3945.136 Mobile Safari/537.36
4	9	0	0	0	26310876	0	0	26308308	0	0	1200049	Mozilla/5.0 (Linux; Android 10; SM-N975F) AppleWebKit/537.36 (KHTML, like Gecko) Chrome/79.0.3945.93 Mobile Safari/537.36
4	1	0	3	0	26308023	26308023	0	26308023	26307963	0	4431	Mozilla/5.0 (Linux; Android 7.1.1; SM-J250M Build/NMF26X; wv) AppleWebKit/537.36 (KHTML, like Gecko) Version/4.0 Chrome/79.0.3945.93 Mobile Safari/537.36
4	2	0	0	0	26308306	0	0	26308306	0	0	927671	Mozilla/5.0 (Macintosh; Intel Mac OS X 10_14_5) AppleWebKit/537.36 (KHTML, like Gecko) Chrome/79.0.3945.88 Safari/537.36
4	0	0	1	0	0	26327309	0	0	26327309	0	0	Mozilla/5.0 (Linux; Android 9; SM-G950F Build/PPR1.180610.011; wv) AppleWebKit/537.36 (KHTML, like Gecko) Version/4.0 Chrome/79.0.3945.116 Mobile Safari/537.36
4	401	0	62	8	26338241	26338240	26310300	26309341	26309341	26310292	107506452	Mozilla/5.0 (Windows NT 10.0; Win64; x64; rv:72.0) Gecko/20100101 Firefox/72.0
4	18	3	8	1	26338594	26338593	26338588	26338587	26338587	26338588	1487089	Mozilla/5.0 (Windows NT 10.0; Win64; x64) AppleWebKit/537.36 (KHTML, like Gecko) Chrome/79.0.3945.117 Safari/537.36
4	0	0	2	0	0	26330855	0	0	26330855	0	0	Mozilla/5.0 (Linux; Android 7.0; SM-A310M Build/NRD90M; wv) AppleWebKit/537.36 (KHTML, like Gecko) Version/4.0 Chrome/79.0.3945.136 Mobile Safari/537.36
4	15	0	10	0	26318314	26318313	0	26318310	26318310	0	1349773	Mozilla/5.0 (Windows NT 10.0; Win64; x64; rv:57.0) Gecko/20100101 Firefox/57.0
4	0	0	1	0	0	26315088	0	0	26315088	0	0	Mozilla/5.0 (Linux; Android 9; SM-G9600 Build/PPR1.180610.011; wv) AppleWebKit/537.36 (KHTML, like Gecko) Version/4.0 Chrome/79.0.3945.116 Mobile Safari/537.36
4	4	0	2	0	26338672	26338672	0	26338672	26338672	0	4431	Mozilla/5.0 (Linux; Android 7.1.1; SM-J250M Build/NMF26X; wv) AppleWebKit/537.36 (KHTML, like Gecko) Version/4.0 Chrome/79.0.3945.136 Mobile Safari/537.36
4	4	0	1	0	26311193	26311192	0	26311192	26311192	0	12864	Mozilla/5.0 (Linux; Android 9; SM-A205G Build/PPR1.180610.011; wv) AppleWebKit/537.36 (KHTML, like Gecko) Version/4.0 Chrome/79.0.3945.93 Mobile Safari/537.36
4	1	0	0	0	26308306	0	0	26308306	0	0	4431	WhatsApp/0.3.9309 N
4	0	0	1	0	0	26315837	0	0	26315837	0	0	Mozilla/5.0 (Linux; Android 8.0.0; WAS-LX3 Build/HUAWEIWAS-LX3; wv) AppleWebKit/537.36 (KHTML, like Gecko) Version/4.0 Chrome/79.0.3945.93 Mobile Safari/537.36
4	7	0	8	0	26329369	26329369	0	26318034	26318033	0	13293	Mozilla/5.0 (Linux; Android 7.1.1; SM-J250M Build/NMF26X; wv) AppleWebKit/537.36 (KHTML, like Gecko) Version/4.0 Chrome/79.0.3945.116 Mobile Safari/537.36
5	1	0	4	0	26329369	26330855	0	26329369	26329369	0	4431	45.4.202.217
5	1	0	3	0	26308023	26308023	0	26308023	26307963	0	4431	190.63.235.220
5	4	0	1	0	26311193	26311192	0	26311192	26311192	0	12864	190.63.112.55
5	7	0	0	0	26308308	0	0	26308308	0	0	1191187	181.188.200.190
5	18	3	8	1	26338594	26338593	26338588	26338587	26338587	26338588	1487089	186.70.157.2
5	2	0	0	0	26310876	0	0	26310874	0	0	8862	181.188.200.233
5	0	0	1	0	0	26319686	0	0	26319686	0	0	190.63.150.3
5	1	0	2	0	26319863	26319863	0	26319863	26319863	0	4431	190.111.82.40
5	394	0	60	8	26318772	26318772	26310300	26309341	26309341	26310292	106285762	157.100.53.139
5	0	0	1	0	0	26319571	0	0	26319571	0	0	190.63.150.215
5	4	0	0	0	26308306	0	0	26308306	0	0	948543	190.63.127.121
5	0	0	1	0	0	26315088	0	0	26315088	0	0	181.199.39.88
5	7	0	2	0	26338241	26338240	0	26338240	26338240	0	1220690	160.20.165.20
5	0	0	1	0	0	26327309	0	0	26327309	0	0	45.235.142.4
5	0	0	1	0	0	26333195	0	0	26333195	0	0	200.77.189.82
5	4	0	2	0	26338672	26338672	0	26338672	26338672	0	4431	190.63.119.92
5	5	0	2	0	26318034	26318034	0	26318034	26318033	0	4431	190.63.150.205
5	0	0	1	0	0	26315837	0	0	26315837	0	0	190.63.117.40
5	15	0	10	0	26318314	26318313	0	26318310	26318310	0	1349773	186.178.3.230
z	0	105	0	26338672	0
z	3	1	0	26310345	464
z	4	51	2	26338672	266872
z	5	120	1	26338594	3921075
z	6	186	0	26338588	108338514
c	200	453	26338672
c	302	100	26338672
c	304	10	26338672
c	404	1	26338588
c	500	8	26310300
