CACHE type 5 produced by analog 6.0/Unix. Do not modify or delete!
T	0	0	67	0	16	4	14251113
D	26308284	26332498
18269	184	4	0	944109
18270	231	15	0	3942607
18270	234	10	0	2379125
18270	237	6	0	1203194
18273	79	3	0	4428
18273	142	13	0	2474936
18275	150	3	0	101552
18275	151	5	0	1329384
18285	92	4	0	944109
18286	131	4	0	927669
1	12	0	0	0	26330861	0	0	26308284	0	0	2183796	/css/app.css?id=32f3edd5b3e87a76685e
1	1	0	0	0	26313833	0	0	26313833	0	0	15414	/alerts?157.100.53.139
1	0	0	2	0	0	26313517	0	0	26309955	0	0	/?186.47.80.171
1	0	0	2	0	0	26309988	0	0	26309971	0	0	/logout
1	1	0	0	0	26316752	0	0	26316752	0	0	15212	/regulator-boxes/574?66.249.88.218
1	0	0	0	2	0	0	26316755	0	0	26316755	0	/storage/regulators/l0CYddImIIxqkJDR.jpg
1	0	0	0	2	0	0	26316755	0	0	26316755	0	/storage/regulators/nkn54w46fIZX6rYN.jpg
1	2	0	7	0	26309972	26313833	0	26309955	26309955	0	17000	/home
1	14	0	0	0	26332498	0	0	26308284	0	0	11078881	/js/app.js?id=73ed3ad11a185a445032
1	0	0	3	0	0	26314790	0	0	26309971	0	0	/
1	1	0	0	0	26309956	0	0	26309956	0	0	323532	/logs
1	10	0	0	0	26330861	0	0	26308284	0	0	164410	/images/atm.png
1	3	0	0	0	26316755	0	0	26309957	0	0	231480	/fonts/vendor/font-awesome/fontawesome-webfont.woff2?af7ae505a9eed503f8b8e6982036873e
1	2	0	0	0	26332498	0	0	26330861	0	0	8856	/login?66.249.88.218
1	8	0	0	0	26332498	0	0	26309955	0	0	0	/favicon.ico
1	4	0	0	0	26316755	0	0	26316752	0	0	172680	/regulator-boxes/574
1	9	0	2	0	26313833	26309972	0	26308284	26309955	0	39852	/login
3	27	0	2	0	26332498	26309972	0	26308284	26309955	0	7581785	http://atmdev.eqadoor.com/login
3	10	0	3	0	26313833	26309988	0	26309955	26309988	0	2712452	http://atmdev.eqadoor.com/home
3	3	0	0	0	26316755	0	0	26309957	0	0	231480	http://atmdev.eqadoor.com/css/app.css?id=32f3edd5b3e87a76685e
3	3	0	3	0	26309971	26309971	0	26309956	26309971	0	1170312	http://atmdev.eqadoor.com/logs
3	3	0	0	0	26316752	0	0	26316752	0	0	101552	http://atmdev.eqadoor.com/regulator-boxes
3	3	0	0	0	26313833	0	0	26313833	0	0	1165884	http://atmdev.eqadoor.com/alerts
3	2	0	0	4	26316755	0	26316755	26316755	0	26316755	1165884	http://atmdev.eqadoor.com/regulator-boxes/574
4	8	0	0	4	26316755	0	26316755	26316752	0	26316755	1430936	Mozilla/5.0 (Linux; Android 9; MAR-LX3A) AppleWebKit/537.36 (KHTML, like Gecko) Chrome/79.0.3945.116 Mobile Safari/537.36
4	3	0	2	0	26313517	26313517	0	26313517	26313517	0	4428	Mozilla/5.0 (Windows NT 10.0; Win64; x64) AppleWebKit/537.36 (KHTML, like Gecko) Chrome/79.0.3945.88 Safari/537.36
4	12	0	1	0	26332498	26314790	0	26308284	26314790	0	2815887	Mozilla/5.0 (Windows NT 10.0; Win64; x64) AppleWebKit/537.36 (KHTML, like Gecko) Chrome/77.0.3865.90 Safari/537.36
4	4	0	1	0	26313833	26313833	0	26313833	26313833	0	1186753	Mozilla/5.0 (Linux; Android 4.2.1; en-us; Nexus 5 Build/JOP40D) AppleWebKit/535.19 (KHTML, like Gecko; googleweblight) Chrome/38.0.1025.166 Mobile Safari/535.19
4	2	0	2	0	26313833	26313833	0	26313833	26313833	0	8856	Mozilla/5.0 (Linux; Android 4.4.4; XT1034 Build/KXB21.14-L1.61) AppleWebKit/537.36 (KHTML, like Gecko) Chrome/59.0.3071.125 Mobile Safari/537.36 PTST/170721.190705
4	31	0	10	0	26309989	26309988	0	26309955	26309955	0	7524926	Mozilla/5.0 (Windows NT 10.0; Win64; x64; rv:72.0) Gecko/20100101 Firefox/72.0
4	7	0	0	0	26313833	0	0	26313833	0	0	1279327	Mozilla/5.0 (Linux; Android 6.0.1; SM-G532M) AppleWebKit/537.36 (KHTML, like Gecko) Chrome/73.0.3683.90 Mobile Safari/537.36
5	5	0	0	0	26316755	0	0	26313833	0	0	975266	66.249.88.216
5	15	0	3	0	26332498	26314790	0	26308284	26313517	0	2820315	186.47.80.171
5	31	0	10	0	26309989	26309988	0	26309955	26309955	0	7524926	157.100.53.139
5	1	0	0	0	26313833	0	0	26313833	0	0	15414	190.63.119.140
5	1	0	0	0	26316752	0	0	26316752	0	0	15212	190.63.240.0
5	9	0	0	2	26316755	0	26316755	26313833	0	26316755	2323924	66.249.88.220
5	5	0	3	2	26316755	26313833	26316755	26313833	26313833	26316755	576056	66.249.88.218
z	0	12	0	26332498	0
z	1	1	0	26332498	1
z	4	13	0	26332498	65708
z	5	19	0	26330861	599196
z	6	22	0	26332498	13586208
c	200	61	26332498
c	206	1	26332498
c	302	16	26314790
c	304	5	26332498
c	404	4	26316755
